0.060166 
0.061287 
0.061972 
0.059955 
0.061207 
0.057651 
0.060087 
0.065249 
0.060444 
0.060415 
0.067652 
0.064519 
0.059518 
0.059877 
0.064221 
0.062154 
0.061723 
0.063711 
0.060394 
0.056176 
0.058452 
0.061408 
0.055816 
0.062365 
0.059767 
0.059053 
0.063590 
0.059295 
0.064778 
0.062484 
0.063714 
0.056520 
0.063869 
0.065698 
0.058293 
0.061509 
0.062118 
0.060973 
0.061529 
0.064228 
0.062241 
0.063459 
0.057314 
0.053855 
0.060725 
0.063619 
0.061391 
0.059109 
0.063457 
0.064540 
0.062979 
0.055461 
0.058209 
0.061544 
0.059048 
0.060713 
0.062579 
0.059437 
0.058631 
0.056681 
0.067941 
0.061399 
0.054312 
0.060106 
0.064500 
0.061193 
0.061325 
0.058230 
0.057968 
0.059952 
0.062532 
0.063370 
0.058256 
0.062470 
0.059701 
0.065145 
0.062559 
0.063026 
0.059098 
0.064092 
0.060377 
0.058702 
0.062431 
0.063513 
0.064029 
0.061246 
0.060979 
0.058748 
0.059772 
0.065644 
0.062865 
0.064108 
0.060824 
0.063330 
0.064084 
0.064973 
0.061863 
0.059174 
0.062086 
0.054371 
0.055788 
0.064301 
0.059558 
0.065777 
0.061358 
0.062462 
0.061179 
0.063732 
0.060058 
0.061175 
0.062199 
0.060755 
0.060990 
0.061565 
0.058180 
0.060680 
0.062577 
0.061368 
0.059327 
0.063317 
0.060597 
0.068284 
0.064695 
0.062247 
0.056375 
0.062702 
0.065518 
0.065029 
0.062036 
0.056840 
0.053634 
0.061470 
0.062361 
0.058612 
0.062482 
0.060473 
0.065517 
0.060677 
0.059243 
0.063677 
0.063156 
0.059782 
0.059741 
0.064700 
0.059466 
0.061297 
0.059931 
0.060841 
0.060140 
0.063275 
0.063744 
0.057248 
0.060131 
0.063754 
0.060141 
0.063642 
0.062974 
0.059504 
0.057888 
0.062819 
0.060849 
0.065533 
0.058997 
0.064375 
0.063075 
0.057974 
0.057724 
0.064199 
0.061061 
0.062090 
0.063042 
0.058014 
0.062129 
0.065434 
0.065782 
0.063635 
0.055937 
0.059563 
0.056340 
0.063133 
0.059762 
0.061774 
0.059637 
0.056364 
0.066494 
0.062843 
0.060656 
0.065492 
0.062295 
0.061472 
0.056991 
0.061754 
0.060180 
0.062249 
0.060857 
0.061074 
0.064156 
0.060511 
0.060293 
0.061963 
0.064134 
0.060549 
0.060266 
0.059158 
0.061741 
0.054494 
0.058264 
0.060161 
0.057121 
0.059529 
0.058946 
0.055630 
0.059661 
0.063058 
0.058557 
0.061702 
0.057130 
0.057509 
0.060633 
0.053047 
0.062648 
0.058509 
0.060680 
0.060211 
0.062619 
0.061248 
0.060653 
0.058639 
0.064440 
0.062438 
0.062610 
0.059263 
0.063609 
0.061204 
0.064029 
0.058858 
0.064288 
0.064475 
0.060780 
0.066952 
0.062847 
0.062435 
0.061332 
0.061479 
0.062243 
0.063166 
0.062675 
0.059058 
0.063920 
0.062513 
0.068783 
0.062443 
0.059797 
0.059930 
0.061706 
0.057648 
0.061332 
0.062183 
0.063683 
0.058748 
0.055209 
0.059527 
0.062902 
0.064088 
0.061133 
0.059824 
0.065412 
0.061510 
0.063492 
0.062099 
0.062632 
0.063335 
0.057078 
0.058509 
0.061901 
0.060864 
0.060666 
0.065401 
0.061710 
0.065109 
0.061699 
0.060717 
0.063330 
0.061940 
0.062707 
0.058205 
0.060712 
0.057728 
0.065336 
0.062400 
0.059366 
0.058321 
0.063138 
0.058615 
0.062791 
0.063855 
0.063752 
0.064756 
0.064236 
0.063157 
0.062016 
0.064796 
0.062768 
0.063146 
0.061088 
0.059688 
0.062588 
0.058247 
0.066715 
0.061814 
0.063244 
0.062996 
0.060542 
0.061489 
0.060292 
0.063832 
0.061419 
0.061633 
0.056051 
0.067240 
0.062157 
0.056987 
0.063284 
0.064468 
0.060108 
0.059536 
0.067810 
0.061605 
0.063224 
0.066557 
0.061307 
0.065269 
0.058646 
0.063633 
0.070223 
0.064875 
0.062697 
0.060442 
0.059814 
0.060008 
0.067042 
0.056686 
0.059927 
0.064457 
0.061371 
0.060370 
0.064997 
0.061084 
0.061462 
0.059034 
0.063709 
0.064850 
0.060896 
0.064542 
0.064179 
0.065841 
0.066506 
0.061931 
0.056529 
0.062418 
0.063307 
0.063384 
0.062659 
0.061358 
0.062657 
0.067953 
0.061164 
0.060700 
0.062231 
0.065991 
0.061436 
0.063350 
0.057551 
0.062708 
0.062623 
0.064217 
0.063473 
0.059836 
0.060217 
0.057342 
0.064339 
0.061650 
0.060568 
0.059511 
0.058214 
0.057927 
0.063847 
0.064847 
0.063156 
0.061276 
0.063388 
0.062733 
0.060269 
0.059660 
0.061633 
0.061341 
0.061263 
0.059344 
0.063478 
0.060835 
0.066059 
0.064866 
0.061950 
0.062026 
0.061009 
0.057771 
0.059546 
0.060058 
0.060457 
0.058878 
0.061111 
0.057005 
0.063933 
0.063117 
0.061521 
0.061583 
0.063590 
0.057830 
0.058864 
0.065879 
0.060394 
0.062437 
0.064750 
0.068639 
0.058804 
0.063081 
0.061237 
0.061354 
0.058215 
0.060660 
0.065143 
0.063351 
0.060583 
0.061226 
0.058297 
0.057507 
0.056745 
0.062821 
0.056936 
0.058923 
0.063860 
0.064474 
0.061746 
0.066345 
0.064557 
0.059921 
0.057595 
0.061938 
0.062212 
0.062487 
0.063629 
0.063849 
0.062123 
0.064399 
0.061548 
0.062073 
0.058016 
0.061542 
0.058187 
0.061067 
0.056684 
0.057725 
0.062131 
0.061935 
0.058650 
0.057861 
0.061423 
0.063055 
0.058636 
0.066123 
0.060114 
0.060671 
0.063769 
0.063486 
0.058326 
0.060178 
0.059616 
0.064508 
0.062724 
0.061722 
0.061296 
0.061512 
0.066658 
0.062547 
0.060561 
0.062971 
0.060103 
0.059251 
0.056688 
0.061639 
0.062800 
0.063327 
0.061292 
0.065294 
0.063905 
0.060528 
0.061126 
0.059610 
0.059127 
0.058188 
0.062370 
0.066692 
0.064186 
0.065211 
0.064710 
0.063379 
0.057531 
0.064071 
0.064771 
0.060862 
0.060585 
0.061592 
0.060917 
0.063918 
0.059941 
0.059375 
0.057081 
0.062167 
0.063406 
0.063204 
0.060052 
0.062834 
0.059422 
0.064278 
0.063000 
0.063206 
0.065113 
0.064990 
0.060122 
0.060095 
0.061433 
0.058924 
0.062260 
0.059400 
0.061530 
0.057980 
0.063251 
0.057930 
0.066087 
0.061322 
0.066180 
0.061771 
0.059389 
0.059135 
0.065046 
0.060690 
0.059953 
0.061002 
0.058317 
0.060285 
0.060503 
0.063321 
0.063353 
0.061286 
0.057188 
0.063519 
0.057626 
0.061884 
0.061754 
0.059388 
0.064917 
0.061215 
0.062919 
0.060952 
0.059502 
0.063805 
0.056415 
0.069650 
0.061337 
0.059930 
0.061612 
0.063655 
0.062295 
0.060867 
0.061473 
0.058784 
0.065926 
0.065897 
0.063433 
0.057568 
0.060929 
0.059587 
0.062394 
0.063838 
0.058008 
0.063769 
0.062427 
0.060793 
0.065463 
0.060364 
0.063885 
0.061280 
0.066167 
0.066603 
0.062683 
0.059605 
0.060753 
0.062253 
0.060577 
0.061636 
0.059878 
0.060544 
0.057917 
0.061464 
0.055964 
0.063329 
0.065510 
0.057355 
0.062834 
0.062050 
0.059268 
0.066524 
0.063974 
0.062942 
0.062521 
0.061756 
0.056718 
0.069428 
0.064919 
0.064780 
0.060236 
0.062631 
0.063584 
0.062570 
0.058569 
0.063568 
0.062725 
0.068009 
0.060609 
0.059696 
0.060134 
0.057171 
0.059783 
0.063614 
0.063599 
0.059181 
0.066037 
0.062081 
0.058836 
0.058683 
0.065049 
0.063694 
0.062722 
0.061028 
0.061708 
0.062672 
0.056786 
0.064638 
0.062758 
0.060827 
0.061736 
0.063604 
0.058687 
0.061383 
0.062002 
0.061512 
0.060406 
0.059657 
0.064998 
0.062394 
0.065664 
0.061593 
0.057160 
0.062214 
0.057079 
0.064445 
0.065386 
0.058251 
0.063059 
0.064117 
0.058532 
0.060262 
0.062386 
0.061055 
0.062111 
0.059702 
0.062813 
0.059520 
0.057379 
0.063924 
0.065239 
0.066340 
0.058985 
0.060205 
0.063381 
0.059838 
0.060559 
0.060206 
0.059045 
0.065609 
0.061825 
0.059662 
0.061848 
0.059987 
0.065603 
0.062207 
0.062543 
0.063150 
0.058606 
0.065425 
0.057788 
0.062783 
0.061810 
0.066570 
0.057281 
0.055207 
0.056977 
0.065223 
0.062491 
0.060542 
0.065711 
0.063470 
0.058500 
0.061947 
0.063914 
0.062847 
0.062717 
0.060013 
0.060154 
0.059612 
0.059891 
0.060931 
0.058410 
0.058962 
0.064767 
0.063719 
0.063768 
0.063183 
0.060036 
0.064425 
0.063756 
0.060100 
0.056238 
0.063422 
0.060732 
0.059836 
0.065475 
0.063983 
0.062704 
0.060876 
0.063618 
0.061941 
0.060038 
0.060329 
0.058027 
0.063834 
0.062162 
0.065492 
0.061468 
0.064083 
0.063616 
0.064722 
0.064957 
0.057590 
0.064858 
0.058948 
0.065368 
0.061977 
0.062051 
0.061283 
0.061429 
0.063719 
0.063127 
0.062120 
0.059545 
0.063332 
0.060119 
0.059988 
0.061509 
0.057753 
0.067248 
0.061707 
0.062738 
0.061987 
0.058545 
0.063781 
0.059043 
0.061231 
0.056341 
0.057180 
0.063337 
0.063305 
0.066043 
0.062354 
0.058661 
0.062042 
0.059597 
0.061321 
0.064750 
0.058261 
0.063498 
0.061902 
0.067956 
0.062125 
0.061537 
0.063927 
0.060300 
0.061049 
0.063660 
0.060689 
0.066676 
0.059279 
0.064154 
0.063972 
0.058452 
0.064662 
0.061363 
0.063897 
0.060165 
0.061254 
0.062880 
0.058125 
0.058580 
0.058528 
0.063572 
0.065224 
0.061954 
0.058467 
0.063549 
0.064933 
0.067063 
0.062248 
0.060106 
0.059414 
0.061182 
0.059774 
0.063916 
0.062679 
0.057315 
0.064669 
0.067832 
0.058926 
0.061008 
0.060590 
0.054888 
0.065493 
0.059063 
0.056640 
0.058486 
0.064123 
0.064849 
0.059358 
0.062001 
0.061077 
0.058958 
0.059058 
0.065471 
0.062970 
0.062073 
0.058249 
0.060451 
0.063358 
0.062515 
0.058371 
0.062165 
0.064937 
0.061336 
0.063187 
0.058305 
0.062460 
0.064697 
0.065827 
0.063053 
0.060295 
0.062104 
0.061490 
0.058043 
0.058312 
0.066693 
0.062068 
0.062989 
0.067376 
0.064656 
0.062314 
0.056829 
0.063339 
0.062291 
0.061590 
0.064458 
0.061685 
0.057147 
0.060487 
0.060689 
0.060671 
0.063566 
0.059662 
0.061120 
0.056252 
0.062517 
0.061017 
0.068513 
0.064993 
0.059347 
0.058564 
0.063947 
0.061313 
0.063926 
0.067088 
0.066018 
0.060694 
0.062453 
0.061879 
0.058650 
0.059331 
0.062909 
0.063071 
0.063159 
0.062209 
0.060387 
0.063797 
0.062737 
0.066008 
0.057508 
0.063375 
0.060184 
0.062114 
0.059273 
0.068774 
0.060255 
0.061427 
0.058726 
0.060873 
0.062155 
0.057562 
0.059278 
0.063348 
0.061603 
0.064203 
0.057278 
0.062398 
0.059855 
0.062776 
0.066188 
0.067299 
0.062693 
0.060799 
0.061661 
0.060531 
0.061436 
0.059474 
0.060420 
0.065206 
0.062690 
0.059964 
0.061983 
0.062990 
0.068521 
0.058605 
0.060574 
0.057366 
0.060575 
0.070052 
0.059067 
0.062035 
0.063573 
0.064523 
0.064825 
0.060549 
0.059228 
0.062366 
0.057952 
0.063861 
0.063302 
0.064636 
0.063687 
0.062447 
0.063364 
0.063468 
0.066520 
0.060973 
0.063865 
0.060274 
0.061906 
0.066282 
0.056750 
0.061205 
0.061289 
0.058154 
0.060995 
0.062982 
0.060797 
0.062419 
0.064787 
0.061834 
0.062345 
0.059446 
0.060368 
0.062314 
0.057043 
0.062510 
0.063889 
0.064998 
0.065307 
0.061058 
0.068761 
0.058393 
0.065069 
0.067082 
0.056184 
0.057027 
0.064658 
0.060219 
0.059657 
0.064312 
0.065142 
0.062395 
0.065796 
0.060565 
0.059281 
0.061305 
0.065998 
0.063172 
0.066165 
0.059033 
0.059743 
0.060057 
0.062700 
0.063217 
0.062563 
0.063420 
0.062018 
0.062122 
0.066326 
0.055950 
0.061123 
0.063533 
0.058064 
0.063219 
0.057440 
0.060168 
0.062348 
0.059187 
0.064600 
0.061442 
0.063564 
0.061575 
0.060529 
0.067816 
0.060547 
0.058985 
0.064681 
0.060988 
0.068006 
0.065568 
0.059880 
0.057923 
0.063675 
0.063195 
0.062446 
0.056838 
0.060562 
0.057363 
0.063312 
0.062800 
0.058535 
0.056174 
0.061013 
0.059761 
0.063788 
0.058123 
0.062761 
0.065913 
0.061408 
0.061058 
0.060080 
0.058667 
0.062887 
0.062220 
0.063381 
0.058022 
0.060993 
0.062975 
0.058387 
0.058519 
0.058848 
0.064312 
0.053463 
0.059603 
0.060969 
0.067346 
0.069577 
0.063917 
0.062457 
0.057589 
0.056970 
0.060531 
0.063901 
0.053855 
0.063933 
0.060480 
0.064497 
0.060177 
0.064796 
0.064571 
0.062400 
0.061718 
0.060275 
0.063079 
0.058610 
0.065185 
0.063692 
0.057256 
0.060387 
0.062518 
0.061329 
0.063118 
0.060575 
0.062895 
0.059367 
0.064507 
0.061421 
0.059899 
0.056364 
0.059758 
0.058662 
0.059185 
0.063531 
0.065812 
0.058707 
0.058964 
0.063275 
0.062072 
0.059340 
0.059953 
0.064028 
0.062130 
0.058401 
0.056454 
0.063659 
0.063302 
0.061316 
0.060842 
0.060248 
0.065886 
0.060712 
0.056541 
0.060548 
0.065344 
0.063099 
0.064457 
0.060017 
0.064131 
0.060856 
0.062849 
0.057925 
0.059648 
0.059985 
0.062107 
0.063307 
0.063245 
0.063743 
0.064662 
0.065041 
0.060090 
0.058032 
0.060504 
0.059910 
0.063497 
0.058344 
0.060383 
0.063056 
0.063680 
0.062812 
0.060965 
0.063183 
0.059890 
0.060699 
0.062574 
0.061474 
0.062630 
0.059603 
0.061033 
0.063131 
0.068649 
0.059244 
0.062689 
0.060838 
0.066030 
0.064557 
0.060795 
0.066212 
0.065429 
0.063916 
0.061139 
0.060309 
0.061414 
0.064819 
0.061764 
0.064321 
0.066678 
0.065359 
0.058894 
0.060223 
0.066588 
0.060870 
0.064469 
0.057680 
0.058479 
0.058284 
0.061776 
0.057120 
0.066744 
0.063312 
0.061315 
0.062195 
0.064212 
0.065089 
0.066126 
0.060174 
0.060041 
0.063049 
0.063864 
0.058648 
0.063349 
0.063247 
0.063811 
0.064946 
0.063072 
0.058993 
0.060142 
0.064152 
0.062589 
0.059042 
0.063353 
0.060174 
0.060206 
0.061646 
0.060332 
0.061785 
0.059759 
0.061793 
0.060926 
0.062641 
0.061002 
0.060650 
0.066440 
0.063807 
0.060291 
0.060307 
0.058669 
0.055719 
0.062912 
0.060710 
0.066634 
0.059136 
0.063987 
0.060261 
0.065192 
0.060705 
0.058525 
0.067356 
0.066228 
0.065641 
0.064668 
0.065770 
0.059350 
0.062917 
0.064125 
0.062754 
0.062826 
0.062360 
0.059184 
0.066667 
0.063625 
0.059816 
0.059710 
0.063512 
0.060516 
0.063040 
0.062045 
0.058923 
0.065233 
0.060789 
0.062664 
0.061417 
0.058742 
0.057863 
0.060323 
0.060998 
0.058359 
0.062002 
0.060891 
0.062680 
0.063216 
0.059706 
0.063236 
0.060901 
0.063066 
0.062517 
0.059954 
0.059735 
0.062175 
0.063573 
0.057342 
0.060985 
0.059457 
0.057910 
0.061114 
0.067362 
0.060663 
0.063211 
0.069003 
0.060045 
0.063125 
0.061763 
0.064425 
0.062922 
0.063558 
0.063433 
0.063404 
0.064421 
0.061181 
0.060410 
0.058361 
0.060780 
0.061908 
0.065624 
0.058582 
0.062153 
0.057264 
0.064794 
0.062161 
0.062705 
0.061443 
0.061075 
0.060347 
0.061373 
0.064156 
0.055797 
0.062379 
0.057766 
0.064401 
0.063810 
0.063598 
0.064476 
0.062625 
0.059733 
0.064673 
0.064569 
0.060201 
0.061457 
0.061967 
0.058411 
0.063428 
0.058572 
0.061628 
0.061709 
0.059024 
0.059314 
0.065005 
0.061610 
0.064534 
0.067930 
0.054721 
0.061454 
0.057626 
0.057808 
0.060784 
0.062366 
0.062402 
0.061370 
0.064028 
0.058118 
0.058802 
0.057202 
0.058035 
0.060247 
0.059832 
0.065065 
0.059899 
0.058118 
0.060436 
0.057898 
0.060417 
0.061883 
0.063959 
0.064243 
0.061681 
0.063268 
0.059410 
0.061298 
0.062520 
0.061659 
0.062407 
0.060934 
0.064535 
0.059356 
0.061159 
0.058255 
0.060889 
0.063023 
0.065262 
0.062089 
0.063874 
0.058191 
0.062163 
0.059044 
0.061987 
0.060473 
0.060359 
0.060707 
0.058628 
0.060352 
0.061904 
0.063975 
0.060744 
0.058302 
0.061016 
0.065443 
0.064306 
0.061789 
0.062305 
0.062390 
0.060844 
0.062118 
0.060203 
0.058991 
0.055540 
0.058206 
0.062819 
0.062380 
0.058967 
0.062992 
0.056447 
0.063980 
0.061672 
0.061346 
0.064532 
0.064982 
0.062513 
0.057744 
0.062421 
0.068006 
0.063220 
0.062608 
0.063695 
0.065711 
0.060247 
0.060252 
0.063421 
0.063693 
0.066873 
0.065342 
0.061870 
0.060997 
0.066123 
0.060600 
0.061890 
0.063708 
0.061700 
0.066860 
0.067392 
0.058032 
0.059260 
0.063275 
0.063416 
0.062284 
0.059410 
0.062060 
0.061289 
0.064522 
0.061693 
0.060793 
0.059009 
0.058577 
0.061577 
0.058939 
0.058992 
0.062038 
0.064859 
0.061512 
0.060220 
0.059579 
0.061498 
0.065661 
0.060644 
0.062029 
0.064210 
0.059202 
0.062730 
0.062685 
0.066748 
0.064584 
0.060717 
0.064825 
0.057258 
0.060144 
0.058726 
0.061692 
0.060757 
0.060332 
0.063589 
0.062920 
0.059497 
0.066271 
0.060962 
0.058348 
0.056598 
0.058324 
0.060980 
0.061015 
0.055923 
0.064123 
0.059376 
0.060930 
0.060090 
0.063911 
0.062633 
0.063396 
0.063191 
0.059899 
0.063211 
0.060322 
0.061672 
0.063858 
0.058315 
0.058463 
0.059597 
0.065189 
0.060911 
0.057655 
0.060990 
0.063704 
0.064423 
0.066544 
0.062570 
0.060189 
0.064851 
0.059234 
0.056940 
0.059144 
0.062978 
0.063805 
0.060120 
0.062826 
0.060262 
0.064607 
0.061042 
0.063249 
0.069034 
0.065659 
0.059275 
0.058565 
0.060092 
0.067398 
0.063721 
0.059518 
0.059431 
0.064708 
0.060052 
0.056609 
0.059816 
0.059324 
0.062423 
0.063070 
0.061933 
0.058659 
0.062096 
0.059061 
0.066706 
0.061613 
0.061577 
0.061564 
0.065765 
0.064746 
0.056488 
0.059920 
0.057537 
0.059822 
0.065258 
0.059740 
0.061893 
0.062699 
0.062725 
0.066992 
0.060584 
0.066345 
0.064159 
0.062682 
0.067013 
0.062139 
0.058587 
0.055703 
0.062712 
0.062287 
0.060004 
0.056353 
0.060238 
0.063847 
0.063891 
0.057780 
0.058020 
0.060636 
0.057928 
0.057746 
0.059760 
0.058174 
0.058553 
0.057390 
0.058854 
0.055857 
0.061189 
0.055573 
0.063566 
0.062669 
0.059777 
0.058925 
0.063258 
0.060965 
0.060692 
0.059165 
0.062457 
0.064280 
0.055742 
0.064563 
0.059732 
0.056623 
0.055138 
0.060766 
0.059620 
0.065038 
0.062087 
0.067403 
0.064418 
0.063700 
0.061048 
0.068313 
0.060585 
0.060317 
0.060854 
0.062983 
0.063855 
0.064856 
0.062862 
0.064085 
0.060640 
0.062494 
0.062502 
0.063420 
0.057208 
0.060636 
0.056789 
0.062562 
0.060514 
0.063533 
0.059987 
0.061491 
0.061089 
0.060039 
0.063283 
0.065229 
0.063663 
0.064453 
0.061312 
0.059846 
0.058598 
0.062431 
0.062401 
0.062688 
0.061502 
0.064282 
0.065274 
0.063281 
0.066729 
0.063194 
0.063948 
0.060418 
0.065652 
0.063052 
0.065109 
0.064151 
0.058725 
0.060284 
0.063181 
0.059473 
0.062570 
0.058577 
0.064638 
0.059103 
0.062927 
0.060321 
0.058304 
0.060790 
0.059117 
0.063475 
0.060607 
0.065799 
0.063957 
0.058464 
0.060229 
0.066758 
0.060740 
0.063874 
0.059920 
0.064833 
0.062897 
0.066970 
0.063535 
0.062665 
0.062792 
0.060965 
0.063447 
0.061135 
0.060529 
0.059564 
0.063571 
0.064172 
0.063965 
0.062558 
0.058566 
0.056961 
0.060789 
0.061118 
0.062390 
0.059056 
0.062729 
0.063510 
0.058185 
0.063149 
0.065490 
0.064464 
0.064432 
0.063093 
0.062740 
0.067247 
0.060838 
0.062105 
0.056976 
0.063713 
0.065632 
0.059167 
0.060687 
0.059406 
0.062609 
0.059527 
0.060472 
0.059684 
0.060522 
0.061117 
0.063323 
0.062640 
0.060309 
0.062773 
0.063689 
0.055185 
0.059777 
0.056671 
0.061785 
0.064431 
0.063548 
0.061794 
0.062725 
0.060445 
0.065362 
0.063480 
0.059605 
0.068820 
0.064588 
0.067034 
0.062619 
0.060968 
0.059241 
0.064248 
0.060229 
0.061025 
0.059712 
0.063124 
0.059746 
0.061711 
0.066933 
0.061494 
0.061699 
0.060582 
0.060753 
0.064397 
0.063371 
0.062827 
0.065624 
0.058484 
0.064232 
0.061587 
0.064891 
0.059939 
0.062067 
0.066445 
0.059918 
0.062886 
0.064744 
0.064392 
0.059821 
0.061579 
0.065667 
0.064123 
0.061130 
0.059368 
0.061447 
0.062983 
0.062462 
0.057178 
0.065465 
0.061119 
0.063242 
0.062551 
0.063073 
0.066296 
0.063900 
0.063270 
0.062042 
0.057680 
0.058917 
0.061689 
0.062971 
0.062551 
0.061049 
0.063834 
0.061842 
0.064316 
0.062460 
0.063901 
0.061852 
0.067731 
0.062356 
0.063770 
0.056758 
0.065433 
0.059155 
0.061109 
0.062994 
0.058319 
0.060654 
0.066360 
0.065092 
0.064502 
0.061843 
0.063140 
0.059593 
0.058403 
0.064146 
0.063627 
0.063109 
0.060338 
0.064853 
0.061989 
0.056188 
0.062627 
0.055971 
0.063072 
0.061796 
0.058506 
0.060978 
0.062745 
0.064424 
0.061954 
0.066447 
0.065386 
0.064000 
0.063662 
0.063416 
0.061368 
0.061302 
0.063037 
0.060529 
0.062042 
0.063758 
0.063091 
0.061003 
0.062860 
0.061094 
0.060070 
0.062787 
0.059593 
0.061118 
0.061402 
0.059817 
0.063714 
0.061545 
0.064458 
0.060723 
0.061090 
0.063289 
0.060817 
0.063455 
0.062368 
0.060164 
0.059582 
0.062556 
0.066525 
0.061099 
0.065027 
0.061485 
0.059446 
0.061631 
0.062977 
0.061254 
0.064037 
0.058639 
0.059381 
0.062539 
0.064404 
0.062776 
0.060761 
0.060598 
0.059233 
0.064322 
0.063378 
0.058001 
0.064063 
0.059906 
0.062166 
0.064878 
0.068000 
0.059314 
0.061445 
0.061594 
0.062686 
0.063058 
0.058700 
0.055070 
0.058623 
0.061551 
0.061890 
0.059622 
0.060722 
0.062498 
0.064134 
0.058617 
0.059753 
0.060053 
0.057035 
0.063589 
0.060706 
0.061272 
0.062043 
0.064079 
0.062839 
0.057150 
0.061252 
0.065070 
0.066788 
0.065011 
0.062584 
0.061943 
0.058206 
0.064700 
0.062164 
0.061366 
0.063245 
0.060254 
0.060956 
0.062315 
0.060598 
0.060404 
0.060828 
0.057235 
0.062744 
0.060390 
0.063471 
0.064957 
0.066986 
0.061944 
0.066495 
0.061502 
0.063932 
0.064933 
0.061536 
0.062426 
0.063326 
0.060631 
0.065605 
0.062014 
0.060616 
0.064348 
0.065626 
0.063234 
0.060441 
0.063805 
0.064387 
0.063273 
0.058776 
0.063773 
0.060840 
0.062377 
0.061216 
0.056280 
0.060533 
0.059437 
0.062964 
0.058023 
0.060755 
0.061416 
0.062097 
0.067893 
0.064121 
0.062368 
0.063339 
0.062061 
0.064168 
0.062167 
0.062195 
0.065538 
0.062171 
0.062055 
0.067823 
0.056998 
0.060199 
0.061784 
0.053845 
0.060468 
0.058846 
0.061550 
0.060788 
0.062176 
0.064769 
0.060380 
0.060889 
0.059578 
0.059267 
0.057482 
0.062377 
0.061053 
0.064639 
0.061586 
0.059228 
0.057534 
0.067911 
0.060867 
0.063505 
0.060816 
0.060404 
0.058827 
0.060823 
0.063582 
0.064321 
0.054790 
0.065300 
0.064861 
0.065696 
0.060740 
0.063444 
0.058902 
0.063834 
0.059743 
0.061628 
0.055945 
0.066229 
0.062992 
0.067491 
0.063113 
0.058464 
0.061844 
0.061958 
0.066070 
0.063608 
0.059228 
0.062018 
0.056855 
0.061838 
0.061966 
0.060457 
0.063438 
0.064161 
0.065100 
0.058992 
0.063375 
0.063248 
0.061733 
0.057648 
0.061701 
0.058764 
0.065383 
0.061918 
0.064195 
0.057675 
0.058512 
0.063691 
0.066728 
0.063332 
0.062359 
0.059944 
0.060661 
0.065802 
0.063052 
0.060052 
0.066903 
0.063335 
0.060446 
0.061446 
0.060008 
0.062711 
0.064118 
0.062292 
0.053224 
0.062758 
0.066284 
0.062374 
0.069747 
0.057923 
0.059803 
0.059683 
0.062878 
0.056321 
0.061179 
0.063254 
0.059767 
0.062482 
0.064374 
0.064146 
0.061808 
0.058841 
0.065064 
0.065281 
0.062666 
0.063391 
0.062173 
0.067409 
0.059835 
0.059221 
0.064779 
0.065310 
0.058801 
0.061473 
0.058504 
0.060171 
0.062133 
0.058500 
0.060261 
0.064036 
0.063276 
0.062694 
0.057081 
0.063810 
0.062400 
0.060343 
0.064740 
0.060774 
0.063251 
0.061940 
0.064810 
0.059384 
0.061964 
0.061756 
0.062757 
0.061125 
0.062244 
0.058946 
0.061699 
0.061502 
0.057250 
0.061636 
0.064788 
0.064769 
0.063399 
0.066190 
0.054574 
0.065142 
0.063818 
0.053319 
0.061703 
0.059302 
0.062549 
0.062180 
0.059951 
0.059756 
0.060600 
0.066209 
0.064151 
0.059381 
0.061970 
0.068954 
0.059698 
0.062338 
0.066462 
0.063332 
0.064796 
0.061357 
0.057813 
0.062999 
0.060361 
0.064656 
0.056389 
0.060459 
0.059484 
0.059013 
0.061105 
0.061841 
0.058007 
0.062381 
0.063147 
0.064227 
0.060834 
0.062376 
0.067003 
0.066741 
0.056606 
0.064058 
0.060425 
0.065523 
0.058934 
0.060768 
0.065101 
0.059402 
0.065712 
0.062237 
0.059946 
0.062639 
0.055024 
0.062944 
0.059654 
0.062219 
0.065791 
0.068375 
0.063822 
0.057016 
0.057738 
0.061616 
0.063510 
0.058672 
0.055473 
0.060872 
0.061042 
0.059856 
0.063812 
0.063555 
0.060259 
0.063259 
0.065268 
0.064901 
0.065323 
0.059779 
0.059760 
0.060348 
0.064191 
0.058958 
0.055561 
0.063882 
0.058991 
0.060228 
0.068845 
0.060063 
0.057604 
0.063498 
0.062917 
0.061460 
0.066301 
0.060238 
0.060982 
0.061717 
0.061129 
0.059092 
0.060368 
0.063406 
0.062678 
0.061107 
0.061395 
0.061433 
0.062456 
0.064182 
0.059994 
0.064092 
0.062995 
0.060801 
0.058294 
0.064673 
0.060770 
0.060118 
0.058419 
0.062699 
0.063129 
0.063998 
0.064757 
0.064637 
0.059983 
0.062480 
0.058583 
0.053919 
0.059744 
0.062967 
0.068136 
0.067338 
0.062050 
0.059573 
0.061008 
0.063172 
0.061166 
0.057246 
0.061468 
0.064377 
0.058822 
0.059153 
0.065131 
0.056366 
0.067674 
0.064000 
0.062519 
0.059206 
0.060086 
0.061682 
0.061022 
0.060847 
0.066051 
0.061710 
0.060183 
0.060918 
0.062844 
0.061856 
0.062534 
0.061796 
0.060270 
0.058640 
0.060352 
0.061990 
0.063991 
0.064867 
0.060301 
0.061780 
0.059940 
0.063903 
0.059514 
0.063849 
0.061334 
0.062105 
0.063149 
0.060874 
0.060834 
0.060812 
0.063689 
0.060901 
0.062803 
0.061556 
0.062074 
0.058543 
0.059373 
0.064916 
0.060241 
0.062626 
0.064764 
0.061304 
0.064418 
0.061183 
0.064783 
0.058036 
0.062326 
0.064624 
0.063716 
0.059697 
0.067555 
0.063359 
0.060324 
0.060605 
0.063551 
0.059622 
0.059811 
0.058473 
0.064211 
0.058234 
0.061942 
0.053494 
0.060675 
0.056953 
0.062843 
0.059366 
0.063816 
0.061703 
0.060170 
0.061780 
0.065722 
0.064860 
0.064294 
0.063149 
0.061276 
0.060905 
0.063591 
0.060752 
0.062442 
0.066128 
0.064376 
0.061853 
0.057959 
0.065946 
0.057143 
0.055469 
0.064330 
0.063777 
0.060514 
0.060104 
0.059602 
0.060991 
0.060341 
0.058134 
0.061398 
0.057130 
0.060223 
0.059882 
0.055666 
0.060521 
0.059572 
0.062658 
0.063558 
0.061722 
0.059581 
0.059246 
0.068117 
0.058931 
0.057537 
0.061245 
0.069500 
0.062589 
0.059336 
0.060742 
0.064018 
0.059321 
0.061580 
0.066909 
0.058719 
0.060440 
0.062631 
0.063006 
0.066429 
0.065802 
0.061396 
0.062034 
0.065610 
0.059747 
0.065194 
0.062240 
0.056837 
0.059761 
0.059947 
0.063489 
0.059751 
0.063074 
0.056439 
0.061112 
0.068991 
0.063760 
0.061908 
0.067685 
0.060967 
0.062832 
0.063826 
0.067199 
0.063469 
0.063305 
0.062001 
0.063083 
0.060724 
0.057627 
0.063689 
0.064243 
0.065066 
0.060586 
0.058698 
0.067229 
0.058774 
0.062202 
0.059972 
0.058711 
0.066600 
0.063325 
0.059521 
0.058982 
0.060740 
0.060444 
0.055530 
0.065376 
0.065981 
0.060988 
0.064434 
0.062249 
0.060446 
0.061225 
0.063362 
0.060123 
0.062444 
0.065374 
0.061749 
0.058719 
0.062055 
0.060024 
0.058358 
0.063722 
0.059843 
0.058707 
0.063104 
0.059185 
0.057906 
0.059474 
0.058232 
0.058782 
0.062325 
0.060848 
0.060250 
0.061962 
0.064434 
0.064661 
0.063960 
0.063453 
0.058647 
0.059623 
0.064951 
0.061569 
0.061819 
0.058200 
0.062740 
0.063112 
0.060735 
0.061402 
0.061741 
0.063612 
0.059049 
0.061164 
0.058629 
0.062138 
0.060491 
0.062794 
0.061148 
0.061658 
0.061090 
0.061375 
0.062312 
0.059698 
0.062895 
0.056929 
0.062947 
0.058553 
0.057224 
0.057825 
0.059615 
0.058334 
0.062369 
0.065274 
0.064127 
0.060104 
0.063655 
0.061389 
0.069177 
0.060301 
0.064972 
0.062404 
0.058406 
0.063749 
0.058600 
0.059166 
0.062120 
0.064493 
0.062528 
0.058430 
0.059434 
0.057968 
0.062688 
0.067381 
0.067784 
0.057550 
0.058110 
0.062838 
0.064540 
0.059696 
0.059946 
0.062918 
0.065719 
0.059393 
0.063181 
0.057931 
0.061085 
0.062001 
0.063130 
0.059644 
0.058190 
0.065774 
0.068240 
0.056971 
0.064728 
0.062831 
0.062444 
0.061367 
0.065636 
0.058952 
0.065506 
0.064431 
0.058716 
0.065874 
0.056048 
0.056908 
0.065075 
0.059728 
0.063105 
0.068322 
0.059923 
0.062622 
0.058752 
0.065442 
0.061203 
0.057448 
0.062291 
0.064587 
0.059525 
0.061968 
0.060624 
0.062364 
0.063454 
0.061622 
0.063032 
0.061164 
0.056774 
0.066952 
0.063247 
0.070267 
0.058948 
0.063421 
0.060186 
0.060971 
0.059274 
0.060359 
0.062568 
0.061518 
0.061574 
0.057603 
0.055796 
0.065776 
0.055035 
0.065386 
0.060575 
0.058405 
0.059026 
0.062046 
0.063997 
0.059777 
0.063645 
0.061645 
0.061014 
0.058971 
0.063091 
0.060663 
0.065120 
0.060474 
0.069143 
0.062468 
0.063138 
0.057850 
0.057395 
0.061793 
0.058084 
0.058361 
0.059220 
0.062947 
0.063477 
0.063470 
0.059657 
0.061209 
0.059103 
0.059075 
0.061129 
0.064535 
0.063557 
0.064751 
0.065872 
0.056388 
0.066583 
0.061651 
0.060985 
0.064923 
0.058894 
0.067342 
0.060164 
0.058031 
0.067224 
0.060538 
0.064450 
0.061928 
0.064856 
0.062833 
0.062882 
0.056341 
0.061565 
0.070168 
0.064941 
0.062518 
0.062924 
0.061584 
0.064219 
0.058311 
0.061773 
0.063051 
0.061431 
0.057664 
0.062239 
0.059784 
0.064491 
0.060574 
0.056405 
0.063294 
0.063407 
0.062902 
0.058925 
0.054566 
0.065507 
0.063405 
0.060995 
0.058004 
0.060376 
0.063058 
0.060654 
0.053600 
0.060526 
0.057882 
0.059801 
0.065609 
0.064489 
0.062619 
0.058907 
0.062403 
0.058069 
0.059794 
0.062702 
0.062778 
0.062119 
0.064254 
0.062116 
0.062859 
0.059187 
0.061086 
0.062207 
0.064466 
0.063004 
0.061524 
0.057254 
0.058904 
0.063179 
0.057623 
0.059833 
0.062019 
0.067681 
0.061628 
0.061153 
0.058787 
0.065367 
0.058222 
0.060702 
0.058295 
0.063249 
0.062802 
0.062618 
0.062001 
0.061878 
0.061018 
0.066283 
0.064629 
0.063113 
0.059481 
0.060133 
0.063926 
0.061075 
0.061823 
0.057924 
0.064808 
0.061571 
0.062337 
0.064343 
0.063742 
0.065879 
0.057430 
0.057394 
0.063160 
0.062200 
0.064507 
0.058188 
0.059409 
0.059983 
0.060139 
0.059127 
0.064085 
0.060463 
0.059624 
0.064026 
0.061574 
0.063626 
0.062227 
0.067662 
0.061291 
0.061250 
0.064012 
0.061721 
0.061755 
0.062528 
0.065911 
0.058444 
0.060653 
0.062003 
0.058382 
0.063587 
0.059683 
0.066431 
0.058427 
0.062612 
0.057827 
0.058971 
0.065836 
0.065046 
0.067097 
0.061391 
0.063906 
0.063042 
0.061534 
0.060466 
0.062466 
0.064211 
0.059555 
0.058275 
0.062227 
0.064986 
0.059956 
0.059463 
0.063282 
0.059327 
0.061712 
0.063421 
0.061689 
0.060471 
0.060268 
0.058851 
0.059611 
0.062415 
0.058542 
0.060996 
0.066009 
0.060516 
0.065617 
0.062397 
0.060487 
0.057984 
0.061623 
0.063580 
0.059617 
0.057262 
0.062475 
0.061982 
0.065223 
0.064053 
0.058687 
0.064253 
0.060199 
0.064607 
0.064419 
0.064409 
0.065153 
0.062076 
0.062516 
0.057179 
0.060178 
0.064193 
0.060331 
0.063476 
0.061433 
0.063453 
0.065416 
0.062054 
0.058062 
0.065626 
0.064869 
0.062148 
0.062541 
0.064928 
0.057297 
0.059497 
0.059957 
0.062168 
0.066950 
0.062116 
0.058860 
0.060070 
0.061259 
0.061650 
0.056122 
0.069005 
0.063512 
0.063043 
0.066777 
0.062307 
0.064319 
0.062198 
0.062740 
0.061891 
0.057258 
0.065610 
0.064096 
0.063280 
0.061384 
0.058798 
0.060295 
0.063463 
0.060312 
0.059316 
0.061608 
0.060241 
0.058452 
0.063804 
0.062592 
0.063342 
0.064960 
0.057519 
0.061804 
0.061607 
0.063510 
0.059750 
0.061737 
0.061505 
0.065076 
0.063622 
0.062088 
0.059147 
0.058265 
0.065752 
0.061259 
0.064349 
0.058227 
0.064005 
0.062710 
0.061575 
0.061338 
0.063027 
0.062920 
0.059312 
0.061693 
0.059645 
0.061259 
0.063797 
0.060853 
0.067613 
0.060687 
0.055952 
0.061749 
0.056762 
0.057359 
0.061958 
0.058417 
0.057408 
0.064589 
0.064168 
0.060187 
0.058723 
0.060648 
0.062653 
0.061865 
0.063865 
0.063805 
0.064153 
0.060008 
0.063566 
0.060777 
0.062251 
0.060875 
0.057777 
0.062003 
0.060656 
0.062852 
0.062020 
0.060922 
0.061884 
0.063716 
0.065729 
0.064992 
0.062018 
0.063133 
0.061878 
0.057179 
0.060886 
0.061958 
0.061897 
0.061207 
0.060355 
0.063491 
0.061632 
0.060741 
0.058989 
0.061788 
0.063018 
0.064764 
0.060840 
0.062724 
0.065493 
0.063172 
0.060611 
0.062003 
0.058358 
0.057338 
0.061895 
0.060496 
0.062102 
0.058907 
0.062154 
0.060907 
0.068654 
0.058132 
0.063239 
0.062228 
0.065964 
0.069198 
0.059817 
0.062704 
0.061671 
0.058568 
0.061827 
0.062594 
0.065241 
0.059385 
0.062607 
0.064704 
0.059334 
0.063996 
0.060974 
0.064413 
0.062279 
0.058321 
0.063759 
0.061815 
0.062670 
0.066046 
0.065098 
0.063133 
0.065114 
0.059213 
0.061645 
0.057867 
0.062183 
0.061424 
0.060633 
0.057202 
0.058400 
0.065794 
0.066467 
0.058486 
0.059884 
0.067305 
0.059212 
0.061941 
0.060191 
0.065496 
0.062253 
0.061642 
0.060698 
0.059868 
0.057065 
0.061824 
0.062903 
0.066509 
0.061238 
0.060221 
0.067464 
0.059807 
0.062078 
0.064483 
0.063524 
0.067809 
0.060859 
0.062788 
0.063055 
0.065273 
0.066459 
0.066026 
0.061528 
0.065866 
0.063992 
0.060800 
0.059647 
0.060400 
0.062679 
0.063299 
0.056497 
0.057700 
0.064925 
0.054113 
0.061661 
0.063512 
0.060627 
0.066111 
0.059966 
0.063916 
0.062102 
0.062350 
0.062733 
0.062640 
0.059037 
0.060643 
0.061329 
0.060716 
0.060354 
0.062501 
0.060086 
0.060728 
0.058549 
0.060207 
0.061109 
0.063738 
0.060220 
0.059676 
0.066268 
0.063071 
0.062015 
0.063897 
0.068769 
0.062963 
0.057196 
0.059771 
0.063186 
0.059671 
0.066888 
0.068191 
0.060832 
0.060806 
0.061006 
0.066593 
0.062466 
0.059877 
0.061867 
0.059421 
0.060735 
0.062719 
0.062234 
0.064553 
0.055812 
0.060131 
0.057367 
0.061891 
0.057289 
0.065428 
0.059052 
0.060647 
0.062966 
0.059745 
0.066359 
0.060411 
0.066576 
0.063241 
0.060234 
0.060126 
0.065140 
0.063845 
0.057836 
0.059456 
0.060788 
0.061140 
0.061649 
0.065181 
0.062186 
0.062601 
0.059835 
0.063077 
0.060001 
0.064475 
0.063921 
0.062744 
0.057669 
0.064395 
0.065735 
0.059585 
0.062206 
0.066333 
0.057133 
0.063795 
0.063073 
0.059138 
0.058743 
0.060355 
0.065093 
0.063967 
0.063366 
0.066700 
0.064176 
0.063389 
0.070000 
0.061072 
0.059094 
0.058083 
0.062075 
0.060348 
0.064342 
0.057659 
0.058196 
0.059061 
0.062842 
0.062319 
0.064647 
0.061240 
0.062019 
0.064969 
0.065481 
0.063514 
0.059773 
0.060945 
0.067312 
0.065755 
0.060208 
0.063884 
0.064796 
0.060227 
0.059634 
0.056421 
0.062934 
0.057749 
0.065367 
0.057266 
0.063374 
0.060145 
0.064725 
0.062214 
0.061336 
0.062509 
0.056999 
0.061403 
0.060109 
0.064353 
0.065698 
0.059158 
0.060907 
0.064257 
0.058952 
0.063477 
0.058154 
0.060498 
0.062723 
0.060604 
0.064085 
0.061290 
0.061847 
0.062425 
0.057496 
0.063976 
0.066876 
0.060643 
0.063113 
0.060609 
0.063975 
0.061940 
0.059634 
0.057648 
0.062199 
0.063222 
0.059259 
0.062209 
0.058632 
0.061881 
0.058713 
0.060834 
0.064631 
0.061489 
0.061443 
0.060085 
0.061411 
0.059279 
0.063823 
0.064865 
0.059022 
0.064568 
0.060619 
0.066948 
0.061960 
0.062673 
0.053012 
0.059459 
0.061796 
0.061783 
0.060141 
0.064889 
0.064792 
0.060629 
0.061363 
0.058124 
0.062438 
0.064948 
0.062135 
0.064076 
0.060773 
0.063036 
0.059623 
0.063464 
0.060049 
0.056971 
0.058282 
0.063595 
0.056139 
0.062098 
0.064480 
0.060187 
0.063383 
0.064507 
0.060609 
0.057542 
0.061926 
0.062734 
0.058986 
0.064638 
0.065546 
0.058992 
0.060957 
0.061334 
0.064439 
0.061442 
0.064033 
0.062510 
0.063120 
0.054317 
0.062291 
0.062224 
0.064395 
0.060170 
0.058239 
0.062485 
0.059258 
0.059151 
0.063848 
0.070224 
0.062335 
0.060962 
0.061782 
0.062250 
0.061474 
0.057741 
0.062955 
0.063630 
0.062747 
0.065958 
0.060086 
0.064000 
0.062663 
0.061719 
0.067753 
0.059772 
0.071430 
0.059343 
0.058706 
0.054532 
0.055729 
0.059661 
0.067173 
0.066200 
0.058506 
0.058220 
0.060410 
0.059220 
0.062522 
0.059638 
0.061168 
0.060321 
0.061758 
0.063136 
0.062190 
0.061062 
0.063159 
0.060207 
0.060206 
0.062894 
0.062585 
0.056142 
0.057798 
0.067168 
0.060732 
0.062475 
0.059450 
0.062683 
0.064531 
0.061136 
0.063938 
0.061220 
0.062503 
0.064972 
0.057729 
0.060606 
0.065516 
0.063537 
0.063029 
0.065597 
0.062106 
0.062927 
0.060130 
0.057325 
0.061172 
0.065482 
0.061670 
0.059225 
0.057040 
0.063748 
0.058287 
0.064236 
0.066455 
0.060961 
0.056171 
0.061620 
0.054420 
0.059829 
0.062084 
0.063605 
0.059212 
0.067946 
0.063067 
0.068764 
0.062871 
0.058616 
0.062653 
0.058858 
0.063323 
0.060076 
0.061690 
0.061875 
0.064062 
0.062435 
0.060818 
0.068564 
0.066064 
0.063337 
0.064648 
0.062489 
0.059848 
0.060964 
0.059210 
0.063325 
0.063701 
0.063842 
0.060576 
0.057065 
0.064132 
0.059972 
0.059896 
0.059115 
0.069033 
0.063703 
0.064378 
0.062171 
0.062964 
0.063683 
0.058068 
0.063378 
0.060398 
0.063027 
0.063224 
0.061842 
0.064864 
0.058853 
0.061490 
0.061102 
0.061739 
0.063702 
0.061165 
0.059774 
0.059575 
0.068246 
0.058624 
0.060368 
0.064321 
0.058453 
0.064253 
0.067317 
0.059467 
0.059240 
0.057324 
0.061103 
0.061069 
0.066146 
0.060792 
0.062553 
0.061246 
0.062064 
0.063208 
0.066494 
0.062087 
0.058847 
0.061343 
0.060846 
0.064133 
0.063219 
0.060499 
0.058858 
0.057790 
0.061375 
0.061503 
0.056969 
0.063325 
0.058641 
0.066759 
0.054675 
0.057693 
0.065863 
0.060157 
0.062056 
0.062239 
0.062232 
0.056823 
0.061845 
0.065190 
0.061067 
0.061512 
0.061620 
0.060001 
0.063380 
0.056540 
0.054729 
0.063148 
0.057079 
0.063590 
0.063791 
0.061966 
0.061568 
0.054045 
0.058559 
0.061803 
0.064837 
0.056579 
0.058824 
0.061823 
0.064047 
0.059907 
0.055806 
0.056510 
0.060444 
0.062665 
0.061442 
0.061718 
0.059100 
0.060208 
0.062559 
0.060056 
0.063307 
0.062809 
0.064095 
0.064607 
0.062438 
0.060520 
0.062698 
0.059653 
0.061568 
0.061525 
0.060580 
0.059679 
0.058911 
0.064095 
0.066205 
0.062360 
0.063011 
0.067044 
0.061248 
0.062217 
0.059652 
0.060471 
0.063010 
0.064825 
0.063448 
0.066902 
0.060527 
0.061998 
0.058720 
0.059504 
0.059576 
0.062487 
0.065170 
0.064637 
0.063998 
0.057673 
0.061492 
0.057943 
0.060202 
0.062524 
0.057638 
0.060420 
0.065059 
0.064638 
0.060905 
0.060313 
0.063612 
0.059621 
0.064827 
0.062871 
0.062171 
0.059744 
0.063645 
0.060954 
0.059493 
0.062864 
0.066360 
0.066039 
0.060171 
0.062294 
0.064660 
0.059103 
0.064934 
0.054901 
0.058975 
0.057113 
0.060692 
0.061540 
0.063211 
0.062736 
0.062216 
0.061194 
0.060658 
0.059704 
0.058527 
0.057485 
0.060208 
0.065062 
0.064112 
0.055942 
0.059109 
0.060624 
0.058681 
0.062620 
0.059966 
0.061313 
0.064030 
0.064223 
0.063902 
0.059035 
0.062978 
0.067601 
0.065724 
0.061960 
0.061350 
0.064181 
0.059662 
0.058537 
0.063330 
0.065524 
0.059779 
0.062011 
0.066393 
0.058613 
0.058776 
0.056985 
0.064314 
0.064361 
0.061887 
0.061444 
0.060421 
0.063762 
0.059100 
0.064823 
0.056447 
0.056919 
0.061874 
0.059296 
0.065500 
0.062236 
0.063136 
0.065331 
0.061141 
0.064565 
0.059043 
0.054808 
0.065097 
0.065463 
0.062886 
0.067762 
0.061882 
0.062199 
0.064203 
0.060547 
0.060807 
0.065854 
0.059868 
0.063106 
0.060834 
0.061755 
0.064257 
0.067383 
0.063597 
0.063048 
0.064015 
0.059738 
0.057786 
0.055198 
0.061059 
0.060444 
0.061452 
0.059552 
0.061117 
0.066228 
0.064324 
0.063078 
0.063342 
0.057043 
0.059698 
0.058625 
0.063684 
0.066067 
0.063705 
0.068018 
0.059932 
0.061674 
0.065182 
0.064328 
0.061891 
0.062913 
0.058773 
0.059681 
0.062694 
0.061874 
0.064646 
0.061231 
0.061417 
0.063262 
0.073415 
0.061220 
0.061792 
0.067201 
0.061217 
0.055573 
0.065118 
0.061709 
0.064343 
0.057575 
0.066273 
0.064375 
0.058470 
0.066045 
0.058334 
0.064976 
0.065979 
0.059324 
0.057974 
0.061346 
0.062583 
0.057197 
0.066767 
0.060351 
0.064179 
0.059833 
0.062408 
0.067907 
0.060402 
0.059249 
0.063008 
0.060479 
0.062910 
0.058122 
0.062762 
0.060563 
0.065299 
0.064470 
0.062520 
0.062222 
0.062538 
0.060885 
0.058321 
0.051589 
0.058170 
0.063081 
0.059447 
0.062042 
0.062213 
0.063939 
0.062510 
0.063405 
0.061359 
0.059203 
0.061434 
0.063396 
0.057927 
0.060548 
0.059051 
0.063271 
0.058831 
0.058774 
0.063021 
0.059383 
0.063597 
0.058876 
0.062325 
0.062252 
0.063711 
0.059175 
0.061627 
0.062839 
0.063715 
0.055015 
0.059726 
0.067089 
0.062423 
0.058541 
0.066958 
0.060877 
0.063451 
0.065669 
0.061691 
0.059090 
0.060993 
0.065120 
0.056613 
0.060017 
0.063414 
0.060279 
0.056402 
0.061103 
0.062215 
0.062827 
0.062085 
0.059198 
0.057557 
0.060301 
0.062488 
0.058956 
0.062079 
0.059218 
0.060347 
0.063159 
0.062133 
0.061423 
0.063728 
0.061684 
0.061528 
0.059682 
0.058200 
0.066349 
0.066631 
0.060173 
0.064600 
0.059113 
0.059799 
0.055110 
0.063423 
0.063549 
0.065370 
0.061003 
0.062322 
0.061035 
0.063211 
0.058654 
0.066003 
0.063972 
0.061770 
0.063711 
0.064060 
0.058914 
0.062463 
0.059979 
0.062148 
0.065040 
0.062293 
0.062144 
0.061323 
0.057979 
0.067237 
0.058986 
0.064204 
0.061427 
0.060232 
0.063952 
0.064850 
0.059139 
0.065237 
0.060360 
0.062187 
0.056614 
0.061494 
0.066335 
0.062027 
0.061225 
0.062984 
0.063984 
0.065027 
0.060174 
0.064339 
0.055038 
0.057776 
0.063644 
0.059541 
0.063881 
0.065760 
0.061995 
0.057930 
0.061855 
0.066608 
0.063048 
0.062590 
0.066051 
0.061469 
0.055048 
0.063892 
0.054258 
0.061468 
0.060567 
0.064063 
0.054793 
0.060032 
0.062944 
0.058643 
0.057763 
0.061247 
0.065565 
0.062762 
0.064394 
0.061367 
0.061397 
0.061743 
0.055054 
0.055694 
0.063782 
0.066753 
0.066479 
0.062951 
0.059647 
0.061156 
0.071263 
0.059854 
0.066508 
0.059996 
0.058932 
0.058313 
0.059835 
0.061571 
0.059727 
0.063965 
0.063318 
0.059069 
0.064651 
0.059080 
0.064360 
0.064962 
0.059222 
0.062091 
0.062548 
0.062703 
0.053581 
0.064997 
0.059451 
0.060506 
0.059878 
0.059530 
0.060550 
0.065406 
0.057162 
0.063624 
0.063133 
0.064240 
0.064205 
0.060775 
0.064324 
0.062702 
0.064596 
0.059708 
0.065059 
0.059586 
0.058558 
0.060246 
0.064227 
0.066625 
0.058701 
0.059380 
0.061826 
0.064472 
0.060743 
0.067637 
0.065213 
0.062793 
0.068240 
0.061367 
0.063783 
0.060617 
0.062943 
0.067011 
0.060887 
0.061008 
0.062413 
0.062674 
0.063004 
0.068816 
0.061093 
0.062150 
0.061526 
0.064956 
0.059561 
0.063089 
0.061635 
0.062806 
0.066235 
0.066942 
0.062321 
0.063873 
0.061676 
0.059378 
0.056090 
0.061819 
0.061966 
0.064895 
0.066020 
0.062704 
0.059571 
0.058326 
0.059079 
0.064238 
0.064069 
0.063586 
0.061038 
0.063817 
0.067137 
0.060924 
0.060384 
0.059738 
0.063453 
0.060977 
0.060775 
0.062302 
0.060978 
0.063972 
0.062038 
0.060335 
0.057914 
0.061154 
0.059985 
0.061168 
0.062006 
0.062678 
0.059826 
0.061095 
0.058978 
0.057085 
0.058561 
0.057181 
0.059220 
0.062439 
0.066537 
0.068920 
0.057532 
0.059427 
0.059045 
0.066097 
0.061705 
0.061564 
0.063266 
0.061799 
0.063582 
0.059738 
0.063698 
0.065566 
0.059707 
0.064128 
0.067645 
0.060111 
0.060869 
0.066507 
0.063661 
0.061528 
0.063067 
0.060869 
0.061733 
0.056440 
0.059736 
0.056631 
0.063113 
0.062019 
0.057404 
0.063124 
0.063819 
0.066118 
0.063363 
0.063930 
0.057489 
0.062209 
0.063321 
0.060314 
0.062005 
0.056935 
0.060859 
0.066542 
0.055121 
0.058843 
0.060012 
0.066103 
0.063463 
0.061300 
0.060003 
0.061040 
0.059786 
0.059973 
0.064583 
0.060358 
0.064607 
0.062019 
0.054487 
0.061854 
0.058297 
0.059195 
0.060592 
0.061860 
0.062978 
0.067242 
0.061509 
0.061859 
0.064510 
0.058349 
0.059803 
0.062439 
0.062042 
0.061152 
0.059964 
0.061238 
0.060580 
0.059733 
0.059892 
0.062801 
0.061602 
0.059170 
0.061474 
0.062357 
0.065098 
0.062810 
0.062747 
0.059112 
0.058032 
0.063143 
0.060362 
0.059351 
0.062342 
0.065880 
0.057677 
0.056783 
0.061902 
0.060495 
0.063864 
0.062144 
0.061123 
0.060726 
0.056369 
0.058861 
0.063304 
0.059838 
0.063630 
0.058395 
0.063539 
0.060988 
0.064627 
0.066551 
0.057982 
0.059890 
0.062044 
0.058970 
0.062317 
0.065182 
0.057900 
0.061298 
0.059242 
0.061898 
0.060211 
0.060232 
0.058381 
0.062470 
0.066943 
0.057489 
0.062365 
0.060468 
0.064495 
0.056432 
0.055108 
0.059049 
0.063665 
0.063914 
0.056836 
0.065849 
0.063276 
0.055842 
0.057516 
0.056632 
0.063045 
0.061117 
0.062137 
0.066480 
0.063514 
0.061850 
0.063747 
0.060733 
0.060100 
0.061774 
0.061968 
0.057647 
0.062108 
0.058837 
0.063818 
0.055212 
0.062669 
0.062182 
0.061661 
0.063248 
0.057453 
0.063972 
0.060385 
0.063202 
0.061221 
0.063849 
0.060897 
0.063948 
0.060213 
0.062872 
0.066717 
0.058629 
0.065523 
0.063513 
0.063350 
0.060155 
0.061589 
0.063304 
0.066362 
0.058930 
0.065612 
0.059301 
0.063725 
0.061449 
0.058066 
0.058025 
0.062055 
0.061247 
0.063922 
0.059846 
0.068700 
0.059878 
0.062660 
0.059942 
0.061908 
0.066150 
0.064158 
0.060984 
0.064132 
0.057984 
0.058323 
0.056827 
0.064579 
0.061435 
0.064964 
0.061144 
0.061178 
0.061554 
0.059793 
0.063287 
0.067586 
0.058554 
0.063333 
0.066548 
0.063151 
0.061882 
0.061648 
0.064213 
0.063546 
0.062546 
0.068054 
0.060687 
0.063939 
0.061953 
0.065759 
0.063347 
0.059225 
0.064649 
0.063673 
0.063241 
0.055966 
0.064541 
0.064105 
0.058476 
0.061976 
0.054301 
0.060264 
0.058908 
0.064736 
0.059149 
0.060981 
0.059282 
0.060708 
0.060157 
0.064824 
0.060606 
0.055084 
0.059891 
0.063626 
0.065601 
0.059719 
0.058218 
0.063986 
0.062935 
0.064633 
0.064564 
0.065723 
0.058556 
0.068833 
0.060565 
0.062482 
0.059889 
0.059015 
0.060021 
0.061549 
0.060673 
0.057070 
0.059652 
0.063356 
0.063599 
0.061889 
0.066386 
0.060080 
0.059513 
0.061571 
0.063147 
0.063074 
0.062440 
0.057582 
0.064067 
0.062502 
0.064644 
0.061684 
0.063896 
0.061209 
0.056035 
0.060363 
0.055104 
0.058097 
0.063093 
0.061744 
0.062763 
0.066222 
0.061096 
0.060935 
0.066416 
0.064311 
0.062813 
0.063804 
0.059932 
0.060358 
0.062749 
0.055476 
0.061125 
0.060397 
0.064402 
0.063795 
0.060397 
0.062722 
0.064323 
0.062162 
0.063039 
0.064685 
0.058330 
0.063255 
0.068363 
0.057848 
0.062214 
0.064451 
0.063267 
0.059336 
0.057326 
0.064444 
0.060853 
0.066520 
0.057675 
0.061817 
0.060559 
0.063414 
0.062069 
0.059248 
0.057802 
0.061600 
0.063530 
0.065989 
0.063928 
0.057992 
0.064439 
0.060469 
0.061095 
0.066707 
0.061849 
0.057418 
0.062258 
0.059477 
0.061864 
0.061480 
0.059873 
0.066384 
0.062711 
0.063759 
0.062415 
0.065835 
0.062328 
0.062063 
0.064918 
0.060847 
0.067138 
0.063358 
0.063639 
0.067406 
0.061490 
0.062127 
0.062191 
0.065234 
0.062812 
0.065304 
0.061069 
0.067834 
0.061941 
0.062720 
0.060906 
0.059805 
0.065597 
0.062303 
0.060505 
0.065161 
0.056022 
0.058915 
0.062538 
0.059756 
0.063941 
0.061162 
0.059714 
0.065130 
0.061680 
0.059626 
0.061387 
0.070771 
0.065396 
0.063301 
0.062569 
0.061008 
0.062697 
0.061560 
0.058376 
0.059275 
0.065692 
0.060545 
0.060676 
0.062783 
0.061243 
0.057977 
0.063085 
0.057746 
0.060500 
0.062710 
0.060582 
0.056120 
0.063199 
0.058926 
0.062054 
0.061742 
0.063630 
0.061524 
0.057061 
0.061440 
0.061686 
0.065476 
0.061311 
0.061287 
0.069064 
0.058593 
0.065115 
0.058024 
0.065215 
0.063929 
0.061238 
0.058147 
0.061389 
0.058351 
0.064028 
0.062176 
0.057702 
0.063036 
0.060519 
0.060808 
0.058071 
0.064036 
0.060044 
0.059186 
0.064730 
0.060600 
0.059809 
0.062855 
0.055214 
0.064842 
0.065855 
0.063284 
0.057276 
0.059048 
0.063971 
0.062025 
0.060088 
0.061281 
0.064344 
0.062441 
0.062152 
0.063226 
0.058592 
0.058213 
0.061194 
0.063374 
0.061375 
0.060157 
0.060683 
0.061602 
0.062419 
0.061172 
0.062370 
0.065539 
0.062029 
0.064452 
0.060426 
0.061614 
0.056016 
0.060008 
0.060717 
0.066492 
0.063359 
0.062301 
0.057164 
0.059616 
0.065220 
0.057562 
0.063131 
0.061912 
0.060075 
0.063116 
0.064641 
0.061500 
0.061902 
0.062833 
0.061844 
0.060852 
0.063198 
0.062733 
0.064045 
0.058273 
0.064002 
0.062566 
0.061218 
0.063179 
0.060744 
0.065943 
0.058767 
0.059445 
0.061386 
0.061055 
0.061675 
0.065026 
0.064708 
0.062211 
0.062625 
0.064660 
0.061377 
0.059686 
0.064079 
0.063557 
0.062232 
0.067231 
0.055488 
0.059426 
0.057313 
0.061839 
0.063750 
0.060209 
0.069728 
0.059969 
0.063073 
0.059178 
0.058024 
0.056008 
0.058671 
0.062545 
0.059433 
0.059295 
0.055110 
0.055589 
0.059723 
0.061508 
0.061019 
0.063862 
0.058666 
0.059678 
0.064532 
0.061990 
0.061864 
0.060190 
0.065814 
0.058499 
0.060491 
0.061630 
0.064265 
0.062277 
0.058015 
0.067435 
0.067299 
0.058884 
0.061289 
0.061731 
0.064539 
0.059741 
0.061689 
0.058482 
0.057553 
0.065705 
0.066925 
0.063197 
0.062168 
0.064672 
0.060796 
0.064260 
0.061114 
0.063853 
0.061792 
0.064703 
0.065329 
0.060582 
0.066813 
0.063214 
0.061454 
0.061761 
0.064073 
0.065193 
0.060199 
0.060873 
0.066706 
0.066733 
0.061191 
0.060769 
0.063311 
0.057931 
0.066628 
0.062540 
0.062950 
0.059784 
0.060719 
0.064013 
0.060728 
0.061575 
0.061418 
0.059949 
0.059966 
0.060800 
0.057749 
0.061111 
0.061927 
0.057308 
0.063173 
0.065013 
0.062019 
0.062471 
0.058798 
0.061310 
0.058622 
0.061857 
0.060673 
0.059253 
0.062295 
0.059676 
0.062646 
0.060718 
0.056004 
0.062297 
0.058139 
0.058356 
0.060866 
0.057607 
0.061508 
0.060640 
0.062837 
0.060867 
0.060579 
0.062247 
0.064754 
0.059860 
0.057398 
0.065308 
0.061271 
0.060416 
0.060019 
0.061376 
0.062545 
0.058592 
0.059242 
0.063051 
0.063456 
0.067775 
0.060867 
0.061768 
0.059766 
0.058571 
0.061699 
0.069231 
0.058055 
0.063478 
0.058243 
0.060708 
0.061557 
0.061421 
0.060885 
0.058455 
0.065345 
0.062821 
0.059783 
0.063693 
0.061669 
0.066032 
0.066871 
0.058846 
0.064472 
0.060413 
0.059744 
0.063721 
0.065732 
0.060278 
0.055912 
0.063334 
0.064253 
0.060748 
0.060177 
0.061578 
0.062449 
0.062289 
0.062624 
0.065293 
0.060310 
0.060175 
0.058305 
0.065037 
0.062801 
0.064793 
0.063532 
0.060137 
0.060828 
0.059417 
0.059310 
0.060631 
0.064147 
0.058108 
0.059124 
0.058840 
0.061536 
0.063456 
0.063789 
0.059009 
0.066139 
0.061433 
0.060452 
0.059633 
0.062051 
0.057087 
0.062840 
0.067342 
0.067179 
0.059417 
0.056815 
0.062481 
0.065302 
0.064328 
0.060184 
0.065353 
0.062373 
0.062163 
0.065962 
0.065940 
0.065487 
0.062672 
0.066468 
0.059926 
0.056556 
0.061533 
0.058481 
0.063932 
0.060655 
0.063103 
0.060004 
0.064555 
0.063467 
0.059727 
0.063507 
0.061346 
0.055492 
0.062344 
0.057795 
0.060448 
0.060946 
0.064245 
0.063930 
0.061945 
0.060251 
0.058505 
0.061695 
0.060383 
0.061405 
0.060436 
0.064096 
0.062120 
0.061270 
0.065072 
0.059358 
0.062055 
0.062410 
0.061462 
0.065734 
0.064176 
0.065287 
0.058273 
0.063602 
0.060536 
0.064063 
0.059644 
0.059704 
0.058604 
0.061130 
0.061979 
0.059515 
0.059806 
0.059305 
0.060324 
0.059488 
0.058323 
0.063403 
0.061216 
0.064476 
0.058164 
0.055317 
0.061249 
0.061812 
0.059978 
0.059563 
0.061827 
0.055289 
0.062469 
0.063612 
0.058387 
0.061636 
0.061710 
0.063251 
0.061185 
0.060678 
0.058942 
0.066086 
0.059082 
0.061759 
0.060846 
0.064488 
0.060323 
0.064784 
0.058657 
0.064443 
0.061839 
0.056257 
0.064040 
0.063999 
0.057526 
0.062394 
0.066597 
0.060473 
0.064182 
0.060633 
0.057138 
0.056732 
0.061616 
0.059215 
0.064853 
0.058926 
0.065517 
0.058130 
0.066567 
0.060329 
0.060562 
0.060251 
0.060108 
0.060551 
0.062712 
0.067017 
0.060923 
0.066808 
0.065239 
0.061823 
0.061208 
0.064071 
0.057125 
0.059074 
0.062605 
0.061810 
0.066446 
0.068066 
0.060578 
0.062704 
0.057245 
0.057611 
0.058299 
0.062202 
0.063532 
0.060558 
0.064447 
0.058552 
0.067737 
0.058553 
0.063020 
0.062446 
0.063563 
0.062652 
0.062446 
0.065238 
0.062948 
0.065415 
0.059397 
0.060623 
0.057030 
0.059887 
0.064857 
0.061448 
0.061706 
0.059834 
0.061955 
0.063794 
0.064355 
0.059129 
0.060408 
0.061376 
0.057055 
0.059260 
0.062516 
0.061101 
0.059956 
0.059926 
0.061306 
0.062912 
0.061979 
0.058647 
0.054117 
0.061243 
0.059633 
0.061883 
0.063356 
0.062323 
0.063149 
0.059942 
0.060558 
0.058296 
0.062034 
0.064474 
0.056552 
0.061086 
0.063885 
0.059179 
0.061258 
0.060698 
0.056425 
0.064468 
0.060999 
0.059497 
0.059664 
0.062236 
0.065826 
0.063330 
0.065742 
0.067292 
0.060283 
0.060565 
0.060845 
0.056428 
0.058417 
0.063878 
0.066238 
0.064380 
0.057300 
0.060485 
0.060790 
0.059778 
0.065273 
0.065618 
0.057071 
0.058675 
0.060152 
0.060001 
0.060466 
0.065585 
0.061649 
0.065412 
0.064103 
0.065750 
0.066348 
0.062555 
0.063860 
0.058641 
0.061523 
0.060630 
0.062198 
0.056855 
0.062920 
0.061787 
0.057752 
0.062731 
0.061292 
0.060476 
0.062896 
0.060859 
0.060337 
0.065690 
0.068000 
0.059145 
0.058787 
0.067666 
0.062168 
0.058348 
0.060166 
0.062031 
0.058949 
0.062910 
0.060773 
0.062872 
0.063464 
0.058163 
0.063256 
0.064324 
0.058626 
